89	46	43	66369427	60287965	126657392
140	67	73	114932644	92979437	207912081
17	10	7	12558492	10530808	23089300
66	39	27	48978118	43028603	92006721
23	13	10	16326040	11640272	27966312
5	3	2	3712071	2887957	6600028
1	1	0	1237358	0	1237358
10	7	3	8763136	5311732	14074868
33	18	15	27462222	27728698	55190920
10	6	4	7626772	5775914	13402686
20	8	12	16135119	19126092	35261211
15	9	6	10291578	9484292	19775870
4	2	2	2287018	3145556	5432574
142	74	68	110511726	95743380	206255106
22	14	8	16472923	15721720	32194643
33	18	15	20583158	17095861	37679019
49	29	20	41378402	34888566	76266968
16	9	7	12112417	11770342	23882759
2	1	1	1104797	1145644	2250441
11	7	4	7733580	7244108	14977688
2	1	1	1104797	1811028	2915825
2	1	1	1104797	1811027	2915824
32	15	17	23906165	23486213	47392378
9	6	3	6628783	5433082	12061865
76	44	32	48611077	45062670	93673747
13	7	6	7733580	9214838	16948418
66	41	25	46366574	40774776	87141350
20	9	11	12732201	12536965	25269166
3	2	1	2829378	1139724	3969102
94	56	38	78345834	60809342	139155176
18	8	10	11317513	11397241	22714754
59	31	28	48227201	42336686	90563887
5	2	3	3266562	3419172	6685734
263	138	125	237948281	195509782	433458063
19	9	10	14699530	14003786	28703316
41	20	21	29852304	25303851	55156155
2	1	1	997221	1166226	2163447
29	12	17	23582750	19467294	43050044
12	7	5	7665239	5880102	13545341
39	22	17	34008707	30061791	64070498
3	2	1	3606919	1717217	5324136
66	35	31	48859372	45384857	94244229
5	3	2	4187946	3622054	7810000
22	11	11	17680392	15605984	33286376
4	2	2	3214617	3001389	6216006
21	11	10	20072899	18074967	38147866
5	2	3	3649618	3641578	7291196
4	2	2	3649618	3334220	6983838
22	13	9	14509648	13871938	28381586
19	12	7	12608448	9411231	22019679
65	38	27	45860240	46017931	91878171
101	62	39	71092652	60502399	131595051
8	4	4	7234926	5135899	12370825
87	50	37	69821982	53142766	122964748
24	11	13	19896048	17061011	36957059
5	2	3	3617463	3778586	7396049
16	9	7	16569159	13756505	30325664
9	6	3	7607252	5488254	13095506
2	1	1	1267875	1829419	3097294
25	13	12	16482381	19478668	35961049
2	1	1	1954397	1222534	3176931
2	1	1	1092555	1075042	2167597
113	58	55	82493491	87222534	169716025
18	7	11	10554737	12355505	22910242
3	2	1	2208390	1123227	3331617
2	1	1	2069153	1696645	3765798
3	2	1	2141907	1123228	3265135
35	18	17	25638133	27489307	53127440
17	8	9	11555289	9675373	21230662
9	4	5	7557127	5250977	12808104
90	56	34	70713564	62074539	132788103
6	3	3	5943636	4540879	10484515
3	2	1	2483560	1864231	4347791
7	3	4	3725340	4855437	8580777
69	38	31	66815093	61579762	128394855
37	18	19	22352039	25413777	47765816
24	13	11	21081981	18734966	39816947
68	28	40	57743745	49109551	106853296
4	2	2	3172584	3116836	6289420
43	24	19	30141479	28735926	58877405
48	19	29	35268591	38152657	73421248
28	15	13	23794381	22250492	46044873
4	3	1	3727113	1482660	5209773
2	1	1	2053828	1711577	3765405
11	5	6	10269139	10498483	20767622
3	2	1	3111484	1798424	4909908
27	15	12	17253471	15283984	32537455
45	23	22	27679249	27709636	55388885
15	8	7	9629976	8476831	18106807
19	9	10	10833724	12039313	22873037
4	3	1	3611242	2010587	5621829
5	3	2	3611241	4021174	7632415
5	3	2	4285577	2279448	6565025
3	2	1	2382838	1878637	4261475
28	17	11	21016727	16332323	37349050
11	6	5	7148515	7216263	14364778
10	6	4	7148516	7514548	14663064
44	27	17	32168320	28954039	61122359
16	9	7	14334541	12434771	26769312
12	5	7	8998769	8211746	17210515
1	0	1	0	1186460	1186460
24	13	11	22453240	15755933	38209173
19	12	7	17768106	14171084	31939190
7	4	3	5922702	4813544	10736246
26	15	11	22210134	14793642	37003776
14	7	7	8632385	8707984	17340369
3	2	1	2118590	1243998	3362588
12	8	4	8474359	5128485	13602844
5	3	2	3177885	2487996	5665881
17	10	7	15906797	13437437	29344234
13	6	7	9544079	7351368	16895447
2	1	1	1829579	1050196	2879775
104	59	45	80453879	68873520	149327399
2	1	1	1906038	1399540	3305578
2	1	1	1906037	1399539	3305576
2	1	1	1906037	1711577	3617614
16	9	7	17154335	12836863	29991198
27	14	13	26684522	21672430	48356952
5	3	2	3454965	3292572	6747537
17	11	6	12668210	11185385	23853595
16	9	7	15190406	10944013	26134419
54	32	22	43847663	38952695	82800358
23	12	11	15978554	15004847	30983401
5	3	2	3994638	2728154	6722792
4	2	2	3425410	2728153	6153563
60	30	30	51381152	40922309	92303461
2	1	1	1448308	1364077	2812385
9	4	5	6431439	9055135	15486574
12	7	5	11255020	8405295	19660315
35	16	19	33172542	28714895	61887437
3	2	1	3048622	1713294	4761916
5	3	2	4572934	2305673	6878607
3	2	1	3048623	1259529	4308152
3	2	1	3048622	1770577	4819199
1	0	1	0	1945075	1945075
7	3	4	5881265	6013236	11894501
3	2	1	3908037	1864231	5772268
4	2	2	3908037	2422955	6330992
1	1	0	1983663	0	1983663
1	1	0	2031890	0	2031890
1	1	0	2069154	0	2069154
1	1	0	1928003	0	1928003
1	1	0	1925113	0	1925113
1	1	0	1524311	0	1524311
1	0	1	0	1659469	1659469
1	1	0	1841014	0	1841014
1	0	1	0	1713295	1713295
1	1	0	1675764	0	1675764
1	0	1	0	1615779	1615779
1	0	1	0	1497931	1497931
1	1	0	1428526	0	1428526
1	0	1	0	1811027	1811027
1	0	1	0	1789246	1789246
1	1	0	1843521	0	1843521
1	0	1	0	1945075	1945075
1	0	1	0	1869701	1869701
1	1	0	1727173	0	1727173
1	0	1	0	1440067	1440067
1	0	1	0	1364077	1364077
1	1	0	1267876	0	1267876
1	1	0	1271129	0	1271129
1	1	0	1267875	0	1267875
1	0	1	0	1211478	1211478
1	1	0	1104798	0	1104798
1	0	1	0	1080919	1080919
1	0	1	0	1176021	1176021
1	0	1	0	1176020	1176020
1	1	0	2053827	0	2053827
1	0	1	0	2052463	2052463
1	1	0	1960421	0	1960421
1	0	1	0	1986309	1986309
1	0	1	0	1825369	1825369
1	1	0	1808732	0	1808732
1	1	0	1727172	0	1727172
1	0	1	0	1711576	1711576
1	1	0	1625991	0	1625991
1	0	1	0	1569892	1569892
1	0	1	0	1505102	1505102
1	1	0	1363626	0	1363626
1	0	1	0	1279665	1279665
1	1	0	1329291	0	1329291
1	0	1	0	1396865	1396865
1	0	1	0	1279665	1279665
1	1	0	1174979	0	1174979
1	0	1	0	1243998	1243998
1	0	1	0	1243998	1243998
1	0	1	0	1123228	1123228
1	1	0	1092555	0	1092555
1	0	1	0	1139724	1139724
1	0	1	0	1123228	1123228
1	1	0	1903481	0	1903481
1	0	1	0	1869701	1869701
1	1	0	1886394	0	1886394
1	0	1	0	1811027	1811027
1	1	0	1903482	0	1903482
1	0	1	0	1211478	1211478
1	1	0	1722994	0	1722994
1	1	0	1685808	0	1685808
1	0	1	0	1659469	1659469
1	0	1	0	1646286	1646286
1	0	1	0	1569892	1569892
1	0	1	0	1497931	1497931
1	1	0	1561440	0	1561440
1	1	0	1414690	0	1414690
1	1	0	1524311	0	1524311
1	1	0	1524312	0	1524312
1	1	0	1419358	0	1419358
1	1	0	1444104	0	1444104
1	1	0	1370146	0	1370146
1	0	1	0	1356763	1356763
1	0	1	0	1399539	1399539
1	0	1	0	1279665	1279665
1	1	0	1329165	0	1329165
1	1	0	1331547	0	1331547
1	0	1	0	1243998	1243998
1	0	1	0	1211478	1211478
1	1	0	1203748	0	1203748
1	1	0	1266234	0	1266234
1	0	1	0	1259529	1259529
1	1	0	1255849	0	1255849
1	1	0	1190896	0	1190896
1	0	1	0	1186460	1186460
1	1	0	1241780	0	1241780
1	1	0	1141093	0	1141093
1	1	0	1190896	0	1190896
1	1	0	1141093	0	1141093
1	1	0	1104797	0	1104797
1	1	0	1141093	0	1141093
1	0	1	0	1139724	1139724
1	1	0	1125354	0	1125354
1	0	1	0	1139724	1139724
1	1	0	1095035	0	1095035
1	1	0	1092556	0	1092556
1	0	1	0	1080919	1080919
1	0	1	0	1080919	1080919
1	0	1	0	1123228	1123228
1	1	0	1104797	0	1104797
1	1	0	1064462	0	1064462
1	1	0	1134211	0	1134211
1	1	0	1092556	0	1092556
1	0	1	0	407587	407587
1	0	1	0	217971	217971
1	1	0	229331	0	229331
1	0	1	0	350966	350966
1	0	1	0	233008	233008
1	1	0	338504	0	338504
1	0	1	0	451925	451925
1	1	0	209483	0	209483
1	0	1	0	293915	293915
1	1	0	914050	0	914050
1	0	1	0	254422	254422
1	1	0	264362	0	264362
1	0	1	0	264362	264362
1	1	0	216560	0	216560
1	1	0	332698	0	332698
1	0	1	0	1075041	1075041
1	1	0	479740	0	479740
1	1	0	239402	0	239402
1	0	1	0	503616	503616
1	1	0	220068	0	220068
1	1	0	311649	0	311649
1	1	0	249218	0	249218
1	0	1	0	312306	312306
1	1	0	202926	0	202926
1	0	1	0	433553	433553
1	1	0	386149	0	386149
1	1	0	197666	0	197666
1	1	0	198033	0	198033
1	1	0	1051078	0	1051078
1	1	0	682962	0	682962
1	1	0	222744	0	222744
1	1	0	1050704	0	1050704
1	0	1	0	1050196	1050196
1	0	1	0	225050	225050
1	1	0	631308	0	631308
1	1	0	461128	0	461128
1	0	1	0	1811027	1811027
1	1	0	735634	0	735634
1	1	0	490233	0	490233
1	1	0	305821	0	305821
1	1	0	632586	0	632586
1	0	1	0	342081	342081
1	1	0	338504	0	338504
1	1	0	336780	0	336780
1	0	1	0	2052463	2052463
1	0	1	0	1711434	1711434
1	1	0	649069	0	649069
1	0	1	0	204746	204746
1	1	0	274643	0	274643
1	1	0	264463	0	264463
1	1	0	430675	0	430675
1	1	0	1104797	0	1104797
1	0	1	0	326303	326303
1	1	0	1902412	0	1902412
1	1	0	1092556	0	1092556
1	0	1	0	1986308	1986308
1	0	1	0	1080919	1080919
1	0	1	0	1080919	1080919
1	1	0	364370	0	364370
1	1	0	499094	0	499094
1	1	0	415278	0	415278
1	1	0	868632	0	868632
1	0	1	0	726134	726134
1	0	1	0	284665	284665
1	1	0	632586	0	632586
1	0	1	0	285659	285659
1	1	0	489121	0	489121
1	1	0	1906037	0	1906037
1	0	1	0	1279665	1279665
1	0	1	0	233695	233695
1	0	1	0	373961	373961
1	0	1	0	1869701	1869701
1	0	1	0	226542	226542
1	1	0	642725	0	642725
1	1	0	388188	0	388188
1	0	1	0	219043	219043
1	1	0	674269	0	674269
1	0	1	0	1825369	1825369
1	0	1	0	780568	780568
1	0	1	0	217637	217637
1	0	1	0	1811027	1811027
1	1	0	198076	0	198076
1	1	0	227846	0	227846
1	1	0	376183	0	376183
1	0	1	0	243500	243500
1	0	1	0	320436	320436
1	1	0	746196	0	746196
1	0	1	0	462301	462301
1	1	0	456439	0	456439
1	1	0	1727172	0	1727172
1	0	1	0	1186460	1186460
1	0	1	0	1050196	1050196
1	0	1	0	1711576	1711576
1	1	0	1685807	0	1685807
1	0	1	0	1140531	1140531
1	1	0	1276046	0	1276046
1	0	1	0	1648410	1648410
1	1	0	227563	0	227563
1	0	1	0	1646286	1646286
1	1	0	319478	0	319478
1	1	0	463744	0	463744
1	1	0	278512	0	278512
1	0	1	0	210158	210158
1	1	0	1625991	0	1625991
1	1	0	1607859	0	1607859
1	0	1	0	214793	214793
1	0	1	0	1081625	1081625
1	0	1	0	1569892	1569892
1	0	1	0	1569892	1569892
1	1	0	1524311	0	1524311
1	1	0	1040947	0	1040947
1	0	1	0	1497930	1497930
1	0	1	0	1482659	1482659
1	1	0	1134211	0	1134211
1	0	1	0	1440067	1440067
1	1	0	1414689	0	1414689
1	1	0	1134211	0	1134211
1	0	1	0	1399539	1399539
1	1	0	648519	0	648519
1	0	1	0	845375	845375
1	1	0	1134211	0	1134211
1	1	0	536412	0	536412
1	0	1	0	832706	832706
1	0	1	0	1356763	1356763
1	1	0	1329290	0	1329290
1	0	1	0	1290687	1290687
1	0	1	0	1279665	1279665
1	1	0	846918	0	846918
1	0	1	0	1279665	1279665
1	0	1	0	1279664	1279664
1	1	0	1267875	0	1267875
1	1	0	718830	0	718830
1	1	0	1267875	0	1267875
1	0	1	0	1259529	1259529
1	0	1	0	1256272	1256272
1	1	0	1255849	0	1255849
1	0	1	0	1255477	1255477
1	0	1	0	1243998	1243998
1	0	1	0	1243997	1243997
1	0	1	0	1243997	1243997
1	1	0	1241780	0	1241780
1	1	0	1241779	0	1241779
1	0	1	0	1222533	1222533
1	1	0	664038	0	664038
1	0	1	0	1213859	1213859
1	0	1	0	1211477	1211477
1	0	1	0	1211477	1211477
1	1	0	1203747	0	1203747
1	1	0	1191419	0	1191419
1	1	0	1190896	0	1190896
1	1	0	1190896	0	1190896
1	0	1	0	1186459	1186459
1	0	1	0	227391	227391
1	0	1	0	1186459	1186459
1	0	1	0	1186459	1186459
1	0	1	0	1176020	1176020
1	1	0	1174978	0	1174978
1	1	0	381239	0	381239
1	1	0	1143508	0	1143508
1	1	0	1141092	0	1141092
1	1	0	1141092	0	1141092
1	1	0	1141092	0	1141092
1	0	1	0	1139724	1139724
1	0	1	0	1139724	1139724
1	1	0	855957	0	855957
1	1	0	1104797	0	1104797
1	1	0	1104797	0	1104797
1	1	0	1104797	0	1104797
1	1	0	1104797	0	1104797
1	0	1	0	238319	238319
1	1	0	1092555	0	1092555
1	1	0	1092555	0	1092555
1	1	0	1092555	0	1092555
1	1	0	1092555	0	1092555
1	0	1	0	1080918	1080918
1	0	1	0	1080918	1080918
1	0	1	0	1080918	1080918
1	0	1	0	1080918	1080918
1	0	1	0	1080918	1080918
1	0	1	0	1075041	1075041
1	0	1	0	1075041	1075041
1	0	1	0	1075041	1075041
1	0	1	0	1075041	1075041
1	1	0	632586	0	632586
1	1	0	1064461	0	1064461
1	1	0	1059295	0	1059295
1	1	0	632586	0	632586
1	1	0	1059294	0	1059294
1	0	1	0	987154	987154
1	1	0	1051077	0	1051077
